[[ 3 87 57 93 13 79 36 19 89 25 52 33 77 46 42  1 38 59 47 39 21 34 22 67
  44 12 74 65 75 31 30 41 69 35 70 18 62 78 71  9 92 43 90 15 81 84  6 66
  83  8 51 17  7 85 96 86  0 91 95 56 88 28 40 32 20 16 64 45 48 14 82 37
  58 97 72 63 27 61 24 11 55 49 94 68 50  5  2 99 76 26 98 80 23 53 29 73
  54 10 60  4]
 [46 48  7 98 50 73 54 18 33 20 85 62 77 36 61 37  2 65 72  3 32 60 52  1
  68  8 24 13 96 56 59 27 34 42 23 69 94 87 15 97 57 83 38  9 63 78 93 80
   5 16 22 44 19 49  4 67 28 76  6 17 66 45 91 84 25 75 21 79 71 47  0 74
  51 90 95 58 41 55 53 29 10 88 81 35 43 14 64 12 99 40 86 11 89 30 70 92
  82 31 26 39]
 [73 88 31 96 66 75  2 32 97 23 56 50 64 34 87 57 55 27 47 19 15  6 39 11
  76 85 94 38  1  8 42 30 63 74 61 54 99 78 67 77 91 18  3 44 72 68 60 58
  83  9 62 69 25 37 92 45 98 13 48 29 59 65 41 90 89 40  4 24 82 21  7 14
  53 26 52 17 80 71 33 79  5 49 12  0 86 70 10 51 16 93 28 46 95 81 43 84
  20 36 35 22]
 [99 65 62 45 33 66 36  8 72 25 29 78 70 54 49 87 76 43 86 93 21 97  4  6
  55 94 80  5 85  7 84  1 27 51 28 68 50  2  0 15 42 90 35 71 57 74 12 56
  23 47 40  9 46 83 59  3 14 44 20 82 96 48 24 22 61 95 41 60 98 19 77 18
  88 26 69 63 91 58 64 11 92 67 53 31 16 52 89 39 37 32 75 17 81 79 10 73
  34 38 13 30]
 [93 39 99 17 20 44 22 79 91 59 94 48 77 10 24 15 66 31 43 16 28 62 36 23
  51  6 55 27 63  4 58 56 35 52 83 49 70 42 87  3  5 33 69 30 74 78 97  0
  25 29 13  9 41 92 71 85 96 65 46 38 95 90 73 26 88 37 84 21 54 11 67  2
  18 40 82 98 68 64 32 75 81 47 45 80 72 89 86 57  1 50 60 14 61 76 12  8
   7 53 34 19]
 [13 50  3 57 51 79 46 64 92 78 35 86 40  6 59 68 42 70 66 88 84 26 93  9
  25  2 89 52 33 48 67 15  7 43 94 22 10 34  0 29 53 83 95 16 37 14 11 21
  32 87 23 47 58 76 91  8 17 71 19 82 98 24 99 90  4 44 69 30  1 73  5 20
  45 27 12 60 54 38 41 65 36 74 55 61 72 56 97 63 96 28 81 31 80 85 62 49
  77 18 39 75]
 [52 99 81  2 84  4 61 80 55 77 26 98 93 14 48 45 50  6 31 43 91 47 89 85
  69  3  5 42 44 87 97 73  0 27 58 74 10 18 37 82 20 32  8 39 63 30  9 49
  24 95 46 13 23  1 51 36 38 67 71 75 19 92 54 96 62 78 57 60 41 64 83 79
  12 72 59 90 22 33 28 17 94 34 40 16 86 56 29 25 21 68 53 70 76 88 15 65
   7 11 66 35]
 [57 52  3 90 25 68 71 41 15 92 18 11 13  2 56  4 88 72  0 14 47 98  5 97
  35 44 86  7 82 23 63 61 77 22 95 34 76 83 75 40 46 93 42 85 91 48 94 39
  28 37 66 70 65 45 54 21 36 53 31 73 20 38 89  6 60 62 81 30  1 24 12 55
  33 74  9 67 10  8 96 80 19 32 43 69 50 26 16 84 87 29 58 78 99 64 49 59
  51 17 79 27]
 [53 77 68 16 39 82 49 59 12  8 81 23 89 80  2  1 41 42 48 13 65 54 97 43
  17 11 36 64 19 76 21 73 10 28 57 87 20 26 51 14 92  9  6 71 69 98 35 22
  52 61  3 67 60 47 56 78  7 84  0 70  4 34 38 55 79 63 86 94 66 15 27 95
  32 45 29 33 18 88 93 40 44 62 37  5 46 58 83 31 96 25 90 74 30 24 99 91
  50 75 85 72]
 [27 73  3 21 55 22 23 97 26  9 74 38 72  4 15 82 30 24  6 90  1 35 81 78
  56 18 99 17 76 45 40  8 70 19 63 43  7 42  0 87 34 11 88 32 49 75 14 58
  46 68 37  2 39 66 52 41 59 94 93 67 86 54 89 65 77 98 53 91 80 79 48 28
  16 36 83 71 20 61 29 62 69 96 50 44 31 85 64 33 13 47 60 10 51 12 95 25
   5 57 84 92]
 [84 95 72 21 46 51 88 32 43 47 33 13  8 41 44 61 97 89 29 60 53 99  3  1
  40 17 34 27 39 35 85 94 77 30 65  2 66 80 64 38 52 16 93 54 59 19 58  4
  24 37 26 14  0 49 71 28  5 81 12 73 83 86  9 70 25 92 23 50 45 68 76 78
  96 57 22 75 56 69 18  6 82 36 63 91 42 48 62 10 98 90 74  7 20 11 55 15
  67 31 87 79]
 [15 62  4 97 10 20 74  5 51 45 69 90 26 75 19 43 39 30 40 89 27 63 59 88
  25 95 83 28 93 29 76 92 12 33 37 36 94 71 17 56 99 78 87 61 60 34 38 50
  55  2 48 81 46  6 85  0 80  7 66 82 79 58 31 98 53 13 54 96 14 77 42 32
  35  8  1 73 23 21 64 68 86 52 84 57 67 41 72 11 44 16 70 18  3 24 47 49
  91  9 65 22]
 [76 58 90 97  5 77 11 28 47 10 86 68 72 20 60 19 66 51 15 81 29 50 55 48
  38 84 57 36 17  3  8 32 31 98 39 89 52 88 93 87 56 18  7 95  2 33 14 16
   1  6 41  4 49 12 92 99 94 79 25 67 59 35 46 30 74  0 69 80 27 54 22 70
  96 42 82 71 73 26 83 45 62 53 64 37 21 13 75 78 65 44 85 40 91 34 23 61
  63  9 24 43]
 [77 93 95 38 99 49 14 45 28 75 40 74 62 26 82 35 16 34 18 76 68 81 72 13
  36 58 53 44 73 46 27 31 50 21 96  8  0 87 79 84  4 32 69 57  9 86 23 85
  11 24 88 41 83 19 30 60 92 89  2 90 29 66 56 63 98 64 78 52 59 39 70 80
  67 12  3 47 33  5 43 71 65 10 91 22 55 54 61 94 25 15 97 20 48  7  6 42
  37  1 17 51]
 [12 83 56 99 66 47 85 63 31 15 14 81 23 54 90 52 11 46 70  9 21 20 87 67
  60  0 57 65 74 84 10 38 69 86 40 93 80  1 95 26  7 18 43 97 59 48 22 19
  79 50 62 77 98 39 91 32 37 41 58 25  6 33 96 78 30  8 94 42 73 53 76  3
  36 28 51 24 44 71 13 35  2  4 45 64 72 27  5 89 29 34 68 75 61 82 49 55
  17 88 16 92]
 [17 63 65 46 60 41 26 69 71 98 43 38 81 35 10  4 67 84 70 90  1 64 94 88
  80 31 89  2 23 93 87 91 68 97 53 15 18 73 51 13 19 50 47 82  9 25 56 75
  34 77 37  0 74 76 27 33 92 36 58 30 28 11 40 20 22 12 99 52 95 24 32 45
   5 42  7 16 49 14 44 78  6 21 86 55 61 48 66 72 54 85 59  8 57 62 39 83
  79  3 96 29]
 [76 25 22 79 65 52 96 72 18 42 26 35 62 68 57 34 94 95 66 44 61 70  9  6
  45 60 88 85 91 83 38 74 49 46 10 39 51  5 43 20 99 28  7 84  0 53 93 21
  15 77 54 63 36 90 58 69 24 33  2  3 86 75 71 55 64 16 89 48 14 30 17 80
   4 29 98 59 50  8 27 73 31 47 92 12 78 13 37 67 82 87 32 41 19 40  1 11
  56 23 97 81]
 [79 38 39 65 30 28 35 34 45 96 17 80 14 61 43 11 15 53 85 59 18 32 24 19
   2 49  4 71 50 73 37 47 22 97  8 16 21 69 40 44 84 25 27 68 77 31 74 60
  55 57 42 81 82 76 88 29 12 48 98 75  0 54 20 91 51 56 70 89 64 93 41 33
  87 86 58 62  7 72 52 95  3 63 23 26 46  5 99 90 94  1 10  9 83 13 66  6
  92 36 67 78]
 [10  4  1  7 57 86 38 92 79 67 72 63 45 78 41 37 73 61 71 33 14 44 12 19
  32 76 29 49 31 85 77 53  9 96 70 98 99 58 64 87 17 66 28 24 69 91 90  2
  35 25 89 56 75 22 16 55 74 15 36 68 52 59 18 30  6 27 84 20 50 62  5 65
  42 88 95 54 82 11 97 34 94 48 81 13 51 43 93 39 47 21 60 23 26  8  3 80
  83 40  0 46]
 [ 6 30 41 70 35  5 37 50 46 38 98 57 96 97 71 22 25 51 19 31 29 81 60 12
  83 80 34 33 40  3 23 85 27 17 95 88 63 78 39 42  8 10 21 26 62 53 69 79
  16 20 58 65 76  7 56 48 87 36 91 99 44 67 61 77 45 64 89 59 28 43 32 68
  49 93 75 47 11 66 15  4 84 92 94 86 55  1 14 73 52  0 74 13 82  2 72 90
  54 18 24  9]
 [28 83  3 23 42 32 58 73 19 31 86 20 12 91 10 85 34  8 89 69 70 92 25  7
  71 53 14 99 95 44 59 46 43 61 22 68 75  1 21  6 16  4 27 48 51 57  2 30
  66 13 49 90 52 55  9 50 84 80 18 76 38  5  0 67 72 78 62 26 11 39 47 64
  54 36 79 74 93 82 60 81 63 88 96 45 77 35 24 98 17 37 87 29 97 94 15 40
  41 33 65 56]
 [35 60  1 22 88 31 32 82 21 13 79 80  6 61 41 16 53 38 17 14 99 77 74 43
  57 93 12 36 89 84 47 69 83 96 81 46 92  0 71 44 15 76 87 90 42 52 70 63
   4 67 24 29 58 65 37 33 20 85 55 95  2 64 28  5 27 26 30  3 49 10 94 86
  78 34 97 51 59  8 73 68 56 48  9 25 50 54 75 98 91  7 66 40 45 19 18 39
  72 23 62 11]
 [ 2 61 64 12 54 59 23 50 19 57 53 91  6 72 97  0 63 88 89 86 32 75 20 79
  87 56 35 17 18 84 28 27 36 98 55 38  5 99 73 33 67 46 60 21  8 94 37 71
  31  4 83 95 76 40 45 39 13 52 41 74 49  1 42  9 47 22 69 44  3 25 43 62
  10 34 68 65 14 16 58 96 77 93 82 85 92 70 90 24 51 81 66 26  7 78 48 80
  29 15 11 30]
 [84  1 34 64 99 92 59 13 90 81 27 62 89 20 10 33 66 53 58 74 16 63 47 43
  82 88 70 54  8 61  2  4 72 96 32 40 14 87 98 11 91 56 97 77 46 49 71  6
  42  5 36 30 83 86 37 41 38 26 28 55 18 45 73 80 15 35 29 12 51 23 50 48
  25 19 31 94  9 52 24 60 44 75 17 95 65 78  7  0 57  3 67 93 85 22 68 76
  21 69 79 39]
 [78 25 90 74 54 46 31 39 68 60 41 80 58 18 22 34 92 26 35 45 83 70 44 17
   7 56  5 81 36 28 61  6 32 71 27 14 77 84 59 11 95 72 97 55  1 66 43 15
   4 53 75 88 98 93 50 86 10 24  2 12 16 52 42 94  8 82 57 63 21 49 19 65
  51 37 67 76  9 99 47 38 30 29 87  0 89 62 33 79 64 13 40 73  3 96 85 48
  69 23 20 91]
 [62 54 14 68 69 21 61 64  3 20 47 81 35 70 84 74 90 95 92 43 12 37 87 83
  44 89  4 32 17 76 42 77  0 11 86 31 49 94 99 53 23 85 39 93  1  9 55 91
  56 10 57 25 97 34 28 75 26  5 65 50 72 19 88 67 58  2 16 73 71 33 46 96
  59 22 98 48 82 66 27 60 78 40 45 63 51 38 52 24 29  8 41 80  6 79  7 36
  15 30 13 18]
 [59  9 23 85 90 49 17 72 38 22 16 21 56 53 46 13 25  8 44 34 61 79 73 33
  74 96 52 98 24 39 64 62 12 60 14 40 65 11 80 82 32 29 47 27  0 41 31 97
  55 37 76 10 57 70 83 54  2 81 26 51 35 71 69 50 84 15 63 75  3 95 18 78
   1 87 93 42 94 89  4 43 30 19 45 92  5 68 28 91 48 88 66 86 20 67  7 36
   6 77 99 58]
 [17  2 63 74 36 39 72 58 48 77 25 95 69 35 47 13 28 45 44 76 99 81 75 51
  89 18 55 30 12 29 33 79 38 93 71 97 66 41 16 49 50 84 90 70  0 34  3 31
  61 86 19 27 42  6 37 46 60 68 15  1  9  4 82 80 57 56 20 94 22 91 11  8
  92 21 87 96 88 78 53 64 62 23 73 67 32 52  5 65  7 26 85 59 43 10 24 83
  54 14 40 98]
 [41  9 34 44 23 13 29 95 30 71 80 62 19 48 14  4  8 88 10 92 54 87 25 75
  24 63 98 37 50  7 20 72 65 33 32 56 89 85 58 94 16 40 99 31 53 76 35  3
  84 12 73 91 27 86 49 21 43  0 39 11 57 15 90 74 78 61 26 59 66 55 67 36
  70 47  1 22 17  5 69 38 28 93 45 96 77 83 64 68 97 60  2  6 51 79 82 46
  18 52 81 42]
 [17 45 21 38 41 74 55 40 52 62 80 29 44 77 54 33 72 48  9 27  7 25 95 39
  32 76 51 26 73 87 84 68 75 58 98 59  4 97  5 19 37 86 94  2 60 81 92 89
  10  1 50 91 12 16 83 70 35 23 42 64 66 28 43 24 18  6 71 65 34 53 14 13
  57 56 46 61 82 88 78 22 85 31 20 47 36 93 79 30  3  0 49 11 69 90  8 67
  99 15 63 96]
 [60 69 24 96 46 14 29 89 64 73 56 22 65 98 23 52 72 83 82  4 16 81 32 31
  92 27 54 79 12 80 94 30 28 71 63 21  5 97 17 19 55  9 42  0  1 48 66  3
  90 10 93 58  2  8 50 85 39 43  6 76 95 26 25 47 51 34 99 59 53 33 13 38
  75 62 74 86 18 68 61 87 78 37 77 40 41 20 44 70 84 88 49 11 35 91 45 67
   7 15 57 36]
 [23 34 46 22 33 93 24 66 61 60 78 89 70 25 38 57 54 49 99 52 56  3 31 55
  58 15 19 87 67 75 21 12 40 17  0 50 74  7 36 91 47 76 18 79 20 26 71 72
  11  5 39 64 82 16 51 94  1 37 73 97 28 65 44 83 62 98 88 30 35 29  2 32
  90 77 48  9 10  4 85 96  8 13 43 42 45 80 41 53 14 68 86 59 81 63 95 69
   6 84 92 27]
 [69 44 47 75 65 77 46 72 66 83 63 11  4 73 82 67 80 32 15 17 27 39 19 88
  35 45 50 79  2 51 37 33 12 24 54 89 70 84 20  0 28 22 94 61 85 41 43 56
  26  6 86 36 16 64 96 13 23 10 55  7  5 52 87 42 53 40 38 57 93 59  1 91
  34 29 21 60 18 62  3 74 30 99 92 78 25 14 97 48 81  8 58 95 31 76 90  9
  49 71 98 68]]




[list([0, 3, 87, 57, 93, 13, 79])
 list([0, 46, 48, 7, 98, 50, 73, 54])
 list([0, 88, 31, 96, 66, 75])
 list([0, 99, 65, 62, 45])
 list([0, 39, 17, 20, 44, 22])
 list([0, 51, 79, 64, 92, 78])
 list([0, 52, 81, 2, 84, 4, 61])
 list([0, 90, 25, 68, 71, 41])
 list([0, 53, 77, 16, 82, 49, 59, 12])
 list([0, 27, 21, 55, 22, 23, 97, 26])
 list([0, 95, 72, 32, 43, 47])
 list([0, 15, 10, 74, 5, 69, 26])
 list([0, 76, 58, 11, 28, 47, 86])
 list([0, 38, 14, 75, 40, 26, 35, 34])
 list([0, 12, 83, 56, 85, 63, 54])
 list([0, 60, 67, 70, 1, 94, 80])
 list([0, 18, 42, 34, 61, 9, 6])
 list([0, 30, 24, 19, 37, 8])
 list([0, 86, 33, 29, 91, 89, 36, 54])
 list([0, 8, 0])
 list([0])
 list([0])
 list([0])
 list([0])
 list([0])
 list([0])
 list([0])
 list([0])
 list([0])
 list([0])
 list([0])
 list([0])
 list([0])]