[[45 36 70 77 55 54 29 33  5 30 89 83  0 49 79 37  1 35 84 40 18 96  3 78
  43 46 38 23 81 73 19 28 92 14 71 24 65 98 44 64 94 82 13 62  6 34 90 17
   8 93 53  9 39 15 60  4 41  2 12 26 74 87 67 48 91 42 22 52 11 58 57 86
  25 72  7 63 66 59 85 56 69 31 47 10 27 88 68 51 32 75 50 20 21 95 16 97
  99 61 76 80 23]
 [71 41 26 60 19 23 62 38 90 97 16 54 82 77 88 87 73 98 72 31 48 85 67 13
  34 30 10 24 59 93 79 69 64 18  8  1 83 46 27 75 65 70 84 29 53 44 14 17
  51 43 91 81 61 89 22 25 80 55 15 86  3 94 40 32  4 49 66 47 12  9 28 33
  92 76 45 21 52 42 50 78 39  2 63  5  7 95 57 96 37 68 35 58  6 99 56 11
   0 74 20 36 21]
 [43 56 90 85 87 36 73 31 38 89 63 77 11 92  9 12 45 57 71 35 69 98 44 54
  24 47 42 96 48 53 64 18 79  2 93  0 94 19 20  1  3 34 26 55 33 21 95 29
  10 30 62 80 22 46 72 65 82 68 70 49 14 76 40  4 17 83 15 23 28  8 78 74
  84 25 61 41  7 67 66  5 13 75 91 59 37 88 97 50 81 58  6 86 39 27 32 16
  51 52 99 60 18]
 [34 23 69 13 31 65 88 29 21 38 16 92 59 20  4 63 71  5 90 57 46 39 35 37
  40 94  1 99 47 84 89  9 52  7 95  2 27 22 36 30 50 64 11 91 60 49 51 73
  55 76 42 67 18 68 56 83 24 19 61 98 26 17 86 48 82 79 75 15 80 33 74 93
  45  8 32  6 87 14 10 72 54 12 41 97 28 85 78  0  3 53 77 43 62 44 58 25
  66 81 96 70 31]
 [99 79 80 48 60 92  8 49 47 13 98 83 61  7  5 94 38 46 34 32 52 14 77 19
  78 31 70 56 22 58 71 30 27  9 96  3 87 20 39  0 42 55 65 89 86 82  1 16
  73  4 25 93 35 40 17 62 91 81 23 21 37 43 67 36 26 74  2 11 59 85 95 29
  75 66 68 84 33 69  6 72 53 57 76 44 10 12 41 54 88 90 18 24 51 15 97 28
  45 64 63 50 19]
 [37 59 17 15 84 13  6 92 20 19  9 50 10 65 36 33 95 70 79 81 71 52 30 94
  42 44 16 22 72 53 97 55 24 77  7 73 85 34 39 29  3 21 66 58 88 45 98 40
  25 51 26 86 87 60 46 35 80 67 93 14 54 61 57 56 75 49 76 74 41 83 63 62
  91 78 43 99  1 82 31  8 12 48 38 89 96 64 69 27 68  2  4 32 23 18 28  0
  47 11 90  5 11]
 [99 67 72 64 55 53 63 37 84 40 87  4  0 61 82 26 32 38 68 36 18 35 49 31
  95 88 96 89 44  9 48 39 85 25 79 29 58 15 83 71 46 75 14 56 66 17 20  5
  30 59  1 52 10 16 28 24 73 12 45  2 97 76 54 57 43  3 90 62 74 81 78 93
  21 27 41 23 22 51 94 11 77 70 69 50 91  6 60  7 13 34 86 92 19 42 47 65
  80 33  8 98  8]
 [83 40 95 43 30  6 91 62 84 28 57 15 41 71 45 99 63 54  1 14 46 47  2 51
  35  9 88 50 74 23 72 92 77 24 42 52 96 66 44  7 86 76 56 75 25 97 22 37
  20 69 17  3 48 19 18 33 67  5 65 11 10 78 29 82 13 59 36 16 87 27 73 55
  38 80 21 70 98 90  0 64 93 61 68 89  8 94 79 53 60 34 39 58 85 81 32 49
  26  4 12 31  4]
 [21 95 76 29 50 14 13 17  1 51 59 80 27 32 37 49 12 79 40 52 92 86 38 88
  97 85 18 20 28 77 63 69 75 26 58 19 53 61 64 57 33 47 55 46 45  7 90 81
  99 60 41 89 56 78 83 35 16 48 70 65 84 23 39 82  6 98 66 22  2 31 96 43
  44 91 30  9  4 34 68 11 73 67  0 54 10 93 71 36 42 24 87  3 15 25  8  5
  74 62 72 94  6]
 [65  1 86 29 21 50  8 96 40 35 27 37 25 97  2 45 66 99 60 33 82  0 61 83
  15 98 68 39 81 46 23 93 42 87  4 38 36  3 31 77 44 73 30 43 57 49 59 20
  67 90 78 13 70 88 75 17 18 28 69 89 94 54 41  5  7 62 85  6 55 26 51 22
  52 63 91 84 72 16 76 95 56 92 47 14 53 48 24 32  9 80 19 79 58 71 12 74
  10 11 34 64 25]
 [30 79 91 10 96 38 26 78  7 63 48 32 67 92 40 81 82 94 51 24 58 70 88 43
  11 52 86 80 95 31 22 54 37  1 84  4 90 25 60 61 57  8 13 83 28  3 50 62
  36 18 93 98 64 19 15 99 16 20 87 29 66 55 42 17 97 69 23 68 33 53 76 73
  49 34 77 41  6 46 59  5 21 89 85  2 12 75 71 39 74 27 14 56 45 72  9  0
  47 65 35 44 16]
 [98 95  3 82 37 64 81 16 24 75 48 41 27 74 80 17 55 99 42 30 28 70 47 85
  23 71  1 26 86 90 68 12 38 44 66 32 53 79 94 43 89 62 19 25 39 96 45 61
   2 56 52 63 72 36 67 18 15 46 59  6 33 51 93 31 78 83 65 73 49 77 87 92
  91  7 54 58  8  5 35 22 21 76  4  9 57 50 34 20 97 13 60 29 69 40 14 10
  84  0 11 88  7]
 [52 72 91 64 87 61 29 81 26 39 50  9 73 58 78 13 40 15 80 69 97 12 57 42
  47 11 67 96 99 37 46 10 94 85 18  0 19 31 16 17 76 65 36 22 59 84 30 20
  83 38 90 60 51  2 24 14 77 48  5 56 34 93 68  6 27 33 63 25 45 82 79 49
   7 43 55 54  1 35 86 95 88 98 41  8 66 89 44  3 75 71 32 74 62 28 23 21
  70 53 92  4  2]
 [12 22 45  9 37 35 69 68 40 57 76 25 58 29 86 94 27 30 91 14  2 74 48 64
  41 53 18  0 71 42 98 20 80 81  1 63 50 15 60 10 51 78 70 26 21 38 66 39
  54 33 28 44 95 56 59 46 34 79 82  3 96  7 73 89  4 17  8 49 16 13 97  5
  11 90 23 19 77 72 47 31  6 55 67 65 43 52 87 62 83 24 32 88 85 99 36 84
  92 75 61 93  5]
 [91 67 10 58  4 96 81 63 31 50 33 19 65 14 89 23 27 12 66 86 72 57 25 99
  82  2 32 43 75 30 69  7 45 90 35 29 37 49 51 68 48 22 42 94 56 17 52  8
  93 71 98 80 74 28 38 16 64 62 11 92 84 39 87 78 20 18 88 73 61 36 13 83
   1 85 15 60 47 24 70  9 54 41  5 55 44 21 46 53 97  6 95 59  3 34  0 40
  77 26 79 76  3]
 [12 51 34 37 78 62 91  3 19 80 95 14 11 44 65 55 60 28  6 61 35  4 79 38
  22 52  9  8 46 70 43 64  7 94 27 76 69 17  5 68 26 83 98 39 59 97 21 54
  74  2 89 42 29 66 49 30  0 67 10 31 63 24 53 48 85  1 99 36 87 57 40 84
  73 92 16 50 45 88 75 77 47 33 86 82 13 72 81 96 25 71 58 23 18 41 32 56
  93 90 15 20 13]
 [44 66  8 30 69 88 97 51 95 29 10  3 60 47 27 35 78 48  0 87 92 67 37 99
  19 18 84  7 64 46 31 57 22 23 76 82 11 72 93 34 58 39 21 14 53 96 65 71
  54 40 36 62 15 13 33 16 80 42 24 63 68 61 38 74 28 56  1 45 94 75 85 32
  41 86 83  4 12 43 70 49 17 25 91  6 90 59  5 73 98 50 55 79 89 81 77 52
  20  9 26  2 12]
 [ 5 28  0 80 24 36 21 49 77 19 79 83 70 67 27 12 76 92 65 47 84 15 37 68
  85  2 38 95 91 44 75 89 50  4 23 60 54 33 43 20  6 53 45 97  7  8 26 11
  72 48 90 57 81 22 64 55 14 39 87 18  3 51 78 52 99 86  1 46 93 96 40  9
  88 98 66 71 82 41 58 10 69 73 35 17 62 94 30 16 59 25 61 13 29 31 34 63
  74 56 42 32 22]
 [54 13 86 75  0  9 46 52 77 14 16 34 98 87 30 22  2 62 90 51 67 11 41  3
   7 35 33 15 89 66 21 65 27 47  8 85 19 97 59 37 99 17 61 72 29 71 18 42
  38 74 39  1 83 82  5 31 81 45 95 64 25 49 24 12 79 76 43 93  4 70 48 32
  94 50 56 57 23  6 53 10 28 80 44 91 88 58 63 26 96 73 78 36 92 68 60 55
  40 84 69 20  0]
 [62 76 57 32 86 47 52 43 83 15 80 36 33 44 31 64 89  6 22 26 97 45  7 65
  84 18 60 37 50 66 75 71  5 70 54 63 17 20 77 35 78  8 28 14 55 53 79  9
  25 61 88 19 46 56 85 38 58 81 10 96 90 34 13 39 48 94 24 68 87 99 67  3
  73 16  2 42 40  1 82 59 98 12 74 23 72 91 11 30 49 41 93 27 29 95 69 51
  21 92  0  4 17]
 [69 76 91 16 46 86 34 48 81 88 61 53 80 26 99  6 31 62 49 29 47 67 87 27
   5 11 63 94  9 89 60 72 39 13  1  8 56 28 43  0  3 44 52 25 14 58 38 17
  98 90 71 42 32 59 45  2 85 21  4 95 18 65 57 40 78 93 68 75 66  7 84 77
  55 92 22 73 37 50 15 30 12 97 19 36 51 54 82 74 35 10 41 83 20 64 70 33
  79 23 96 24 20]
 [12 25 65 62  4 89 23 15 82 73  1 61 30 53 55 54 57 97 83 34 36 81  3 85
  56 50 14 78 87 86 32 10 40 84 45 60 29 47  7 17 48 22 74 41 16 28  2 71
  27 42 72 77 26 43 63  5  9 52 59 21 76 44  0 46 39 66 33 38 91 94 35 58
  88 98 69 79 80 68 37 49 51 92 24 96 11 75 13  8 31 90 20 67 93  6 19 70
  18 64 99 95 10]
 [38 98 24 62 51 27 72 97 35 40 14 74 30 12 77  9 23 63 70 34 39  1 73 84
  85 52 93 15 91  4 79 50 36 37 29  3 33 53  6 44 94 96 64 86 11 58  0 80
  99 25 76 45 47 81 31 26 89 22 48 41 16 28 71 21 43 61 13 19 67 95 92 60
  75  7 78 42 20 90 32  5  2 49 46 55 82 57 83 65 54 59 68 87 66 17 69 88
  18 10  8 56  9]
 [94 97 16 35 63 26 27 85  7 68 31 55 88 83 48 87 21 54 71 57 77 81 65 92
  22  3 24 59 43 90 45  2 69 13 37 39 18 29 89 11 86 70 40 99 56 49 75 74
  52 50 78 98 67 23 46 79 53 38 42 36 14  1 72 17  0 66 44 93 33 25  9 73
  61 82 60 96 32  6 47 64 20 10 19 41 76 12 34 95 30 62 80 28  4  8 51 84
   5 58 91 15 24]
 [58 28 14 34  1 90 62 91 94 46 55 81 36 71 64 32 88 20 25  4  5 38 29 15
  70 65 22 69 72 39 98 43 17  0  2 61 68 82 96 40 12 24 78 97 27 50 52 19
  80 44 18 92 56 77 13 10 63 75 51 57 99 26 41 66 45 89 93 35 33 31 67 37
  21 23 74 79  9 84 86 53 49 87 95  7 30 85 16 11 47  8 60 76  3 54  6 73
  42 48 83 59 15]
 [99 54 52 59 67  9 98 73 20 45 32  5 91 40 86 21 43 70  8 93 38 85 97 23
  19 72 31 51 44 69  6  7 83 74 81 90 66 41 65 71 62  2 68 28 82 17 63 18
  57 36 96 49  0 39 77 47 13 34 50  4 14 30 95 94 42 33 55 35 60 16 27  3
   1 78 53 84 15 48 37 46 89 10 61 22 88 25 56 79 80 64 29 26 75 24 12 58
  76 11 92 87 28]
 [ 2 99 58 14 15 89 87 18 73 59 88 83 70 34 81 68 82  3 51 75 53 23  6 74
  63 79 78 62 11 31 90 71 92 28 17  1  0 55  4 80 13 52 45 61 84 54 43  8
   9 64 38 27 93 47 16 76 32 69 60 95 19 56 36 86 50 98 72 25 66 30 20 67
  26  5 12 94 35 21 85 46 41 49 96 10 44 65 40 77 48 57 39 37 24 91 42 29
  22 33 97  7  1]
 [88 90 97 62 39 44 78 95 19 47 92 94 52 77 74 67 57  1 48 87 59 86 37 31
  14 42 43 49 70 82 11  0 13 84 65 64  9 35 22 83 26 40 68 61 63 58 23 17
  99 29 12 18 46 25 16 91 21 60 79 20 85 69  8 71  3 28 15 27 38 72 75 24
  80 81 51 76 34 41 54 66 50 45  2 36 30 93 56  7 89 73 55 32 96 98 10 53
   6  4  5 33 32]
 [54 34 24 59 58 45 11 89 47 18 76 42 41  6 63 25 73 85  2  0 79 82 27 56
  61  3 93  1 39 80 53 69 46 13 92  4 98 75 15 16 32 88 77  5 37 50 90 20
  65 19 31 66 43 29 74 40 55 91 87 10 84 36 81  9 57 30  8 21 83 33 48 22
  23  7 94 38 72 26 49 52 68 67 86 97 14 62 96 71 17 12 35 78 28 95 60 99
  44 51 70 64 30]
 [37 38 57 91 35 62 63 16  3 82 56 12 50 14 41 44 39 46 72 60 52 71 59 79
   5 88 43 20 77 11 65 26 28  8 33 93 21 29 99 19 15 54 74 66 53 36 64 58
  69 23  6 40 31 73 95 45  1 75 22 86 34 80 61 68 70 48 87 96 85 89 13 17
  10 27  2 49 76 55 42 51  0 78 81 97 84 47  9 25 32 18 98 92 67 94 83  7
   4 24 30 90 26]
 [20 83 95 69 12 87 57 91 33  6 82 29 99 76 93 86 65  5 18 98 36 68  3 94
  26 45 66 59 80 89 13  7 64 62 90 44 48 71 60 30 15  1 73 27 50 56 63 10
  22 72 16 97 23  0 78 21 41 61 40 46 74 38 54 37 51 39  4 88 81 47 55  9
  35 32 70 43 14 24 17 79 28 67 84 53 58 49 92 52 31 85 25 75 11 96 77 19
  42  8  2 34 14]
 [45 44 78 47 43 28 58 65  0 30  3  2 67 11 21 72  7 31 97 83 95 70 55 12
  17 69 73 94 61 81 75 23  5  1 56 86 46 26 71 68 96 41 59 49  4 60 35 85
  53 40 62 16 66 90 82  6 25 87 27 42 36 24 48 79 33 64 91 29 10 98 54 50
  15 74 13 89 88 32 84 92 76 22 34 39 80 38  9 20 57 99 18 19 93 63 77 51
  14 52  8 37 27]
 [36 47 57 22 70 33 24 38 23 63 61 96 95 76 84 11 86 98 14  1 26 53 49 90
  99 65 40 72 69 21 31 77 81 78 43 73 13 92  4 48 79 58 20  7 93 28 37 10
  87 45 18 66 71 41 25  9 16 29 56 88 50 97  3 94 30 85 64 82 27  0 39 67
   6 59 83  8 32 17 60 34 51 89 12 44 55 75 42 52  2 35 91 68 15 62  5 80
  19 54 74 46 29]]
