[[88 18 73 95 46 79 20 58 96 21 53 62 14 65 67 82 72 81 28 68 90 39 86 40
  45 78 77 35 44 26 31 33 30  7 71 54 87 98 75  2 41 94 34 17 47 80 43 16
  56  8 60 42  3 24 57 55 69 59 52 92  6  1  0 93  9 61 64 22 23 37 27 10
  32 51 74 76 99 19 36 84 97 49 66 48 25 13 83 38 85 15 11 70 89  5 63 91
  12  4 29 50 17]
 [72 32 68 31 84 99 70 10 35 87 45 43 71 90 25  9 36 91 11 15 12 28 16 79
  64 24 49  0  7 39 40 88 67 18 47 27  2 57 98 95 97 65 29 33 85  5 83 19
  17 76 44 58 21 46 92 59 41 62 38 75 82 80 20 61 94 96 60 48 37 93 53 74
  66 23 26 14  3 22 86 55  4  8 78 56 69 77 89 51 13 73 42 52 50 54 30 63
  81  1  6 34 19]
 [21 14 67 62 46 88 37  1 38 41 72 74 31 53 18 44  9 68 27 33 87 70 56 97
  19 49 80 26 59 42 60 51 71 58 96 57 75 82 55 81 69 99 40 85 61 16 50 92
  17 36 13 83 65 35 34 47 45  4  2  8 90 77 86 29 11 32 12 66 73 94 15 93
  63  6 22 10 28  0  5  3 48 24 43 76 52  7 30 79 20 98 89 54 91 39 23 64
  25 78 95 84 11]
 [13 47  0 86 53 85 57 10 46 87 92  7 56  3 38  1 72 91 65 50 41 75  9 51
  39 35 71 98 84 22 20 61 40 45 97 76 62 54 26 32 95  5 43 59 16 83 44 67
  18 37 78 29 74 64 99 27 81 21 49 68 30 66 23 80 82 31 89 79 69  2 33 63
  96 77 90 25 70 36 60 42 58 19 15  4 88 93 28 12 55 11  6 52 24 14 34 73
   8 17 48 94 30]
 [20 39 19 10 54  7 50 95 87 27 89  3 86 41 29 32 71  8 96 68 97 94 28 91
  79 37 60 57 42 56 62 48 16 51 88 30 18  5 15 31 45 67 81  6 61 85 66 64
  65 92 38 24 22 36 33 58 44 40 93 59 52 11 21 73 55 34  1 80 98 46 53 82
  83 23 76 69 72 35 12  4 14 25 70 26 43 77 75 78 99 84 13 17 49  9 74 47
   0 63  2 90 22]
 [17 78 69 77 23 87  6 49 85  5 25 61 21 74 34 64 35 56 54 76 93 51 73 62
  55 60 98 32 86  7 33 40 10 72 90 43 57 75 42 22 44 58 26 20  8 97 68 12
  50 91 13 28  0 46 52 71 16 36 89  2  1 24 53 96 18  9 15 65 88 48 41 47
  94 63 38 79 82 29 92 70 95  3 99 66  4 11 81 80 30 45 59 31 27 14 19 83
  39 67 37 84 21]
 [80 45 13 68 99 84 17 36 93 10 39 86 66 46 97 60 15 56 50 57 33 73 70 53
  22 89  5 91  3 28 16 24 94 11 87 19 20 61  8 78 25 27 49 59  7 18 31 81
  52 12 71 58  4 96 90 62 77 72 47 35 63  1 88  2 51 69 95 26 29 74  9 44
  34 14 43 54 40 41  0 42 83 76 21 85 98 23 48 75 92 65 38 79  6 30 32 55
  67 37 82 64 29]
 [ 1  0 14 32 96 21  5 36 77 18 56 76 70 44 16 39 13 89 91 93  9 63  3 47
   2 45 79 15 28 99 62 34 84 10 82 64 46 58 35 25 41 33 19 65 83 55 87 81
  27 66 22 52 94 98 61 12 49 23 78 95 97 38  7 75 24 50 17 51 60 85 11 43
  67 40 57 53 86 74 90 72 30 31 48 59 20 68 54 29 69 80  4 42 73 26 71 37
  92  6  8 88 24]
 [94 57 52  5  7 80 16 54 31 37 84 44 74 60 12 56 63 53 85 51 34 88 95 40
  18 43 69 78 81 47 26 48 70  3 14 41 15 49 93  4 27 50 79 87 42  0 76 62
   6 30 97 86 73 59 77 17 82 58 24 33 72 71 29 38 75 90 67 19 25 36 68 99
   9 10 64 22  2 13 96 45  8 55 21 28  1 83 23 61 89 65 39 11 91 32 66 92
  98 20 46 35 28]
 [42 27 32 45 91 95 58 29 80 85  4 23 54 26 51 37 35 49 28 16 61 15 59 66
  46 97 99 31 93 36 92 76 10 52 84 18 71 65 94 67 88 19  9 74  6 60 64 48
  17 75 90 47 13  0 62 30 11 77  5 40 63 21 56 72 33 24 82  3  2  8 70 55
  38 69 53 68 39 57 73 89 98 86 43  7 12 81 83 44 22 50 34 25 87 20 96 78
   1 14 79 41 32]
 [91 57 75 23 78 99 87 12 95 89 92 18 36  8 64 51 15 32 58 27 55 56 41 97
  72 59 63  7 96 29 80 82 98 84 10 46 66 62 47  5 37 79 38  0 60 90 88 43
  69  6 68 11 71 30 28 21 34 19 81  9 70 50 24  2 93 17 73 76 48 52 22 40
  31 20 86  3 67 16 44 35 25 83 65 45 85 49 14 61 26 54 13 94 33 77 53 42
   1 39 74  4  0]
 [85 87 96 45 68 54 43 29 64 47  0 17 77 69 58 65 28  6 53 70 41 74 75 50
  59 61 88 38 89 95 10 24  3 73  5 32 11 14 72 66 99  1 16 31 98 42 79 51
  25 39 60 80 15 91 33 48 21 12 36 22 84 62 92 82  4 63 35 26 81  9 86 57
  30 52 13 71 78 34 93 49 23 40 46  7  8 27 44 55 90 67 37 83  2 76 97 19
  56 18 20 94 25]
 [40 71 73 20 80  0 74 47 99 83 36 66 65 57 35 23 48 59 93 76 30 81 28 95
   8 12 69 49 53 82 33 37  2 50 18 58 52 29 10 86 44 77 14 26 88 78 92 85
  89 84 13 39 32  9 91 24  3 34  6 41 22 55 63 75 79 25 96 45 43 97 94 11
  54  1 62 60 21  5 98 38  7 56 16 17 68 87 42 31  4 51 46 72 15 70 19 64
  90 61 67 27  2]
 [96 11 27 70 76 57 88 54 34 25 98 72 84 49 51 43 58  5 36 92 14 18 65 20
  81 31  7 95 10 64  6  8 39 53 63 83 79 62 52 29 23 60  9 78 82 85 16 50
   2 73 21 24 56 22 15 91 99 74  3 26 75 69 55 68 13 80  0 32 67  1 28 46
  61 71 35 66 89 87  4 19 41 30 37 12 45 59 42 44 93 97 17 94 90 38 77 47
  86 48 33 40  4]
 [43 65 67 60 19 57 81 55  2 83 15 48 93 98  5  4  0 22 78 66  7 27 72 29
  16 13 69 14 10 31 50 47 52 58 34 30 38 76 18 23 71 89 79 21 99 46 64 32
  62 68 12 91 28 49 63 82  1 40 44 59 94 54 42 53 80 33 17 73 95 97 70 11
  41 51 74  8 85 35 26 37 84 77 88 87  6 92 96 86 61 25 45 39 20  9 90  3
  36 24 75 56  6]
 [65 68 71 30 59  7 33 23 43 77 45 78 92 87 82 91 19 88 16  9 12 41  5 86
  79 63 72 98 74 76 40 25 97 53 61 84 69 21 80 14 90 18 51 67 13 73 57 34
  60 50 42 15 28 17  8  4 10  1 81 52 55 49  6 62 44 66 89 48 46 38 27 95
  32 99 37 83 75 85 22 11 96 56 58 94  2  0 29 24 26 31 47 35  3 20 64 54
  70 93 36 39  8]
 [47 44  4 39  2 10 86  3 95 31 52 22 21 26 30 40 48 99 18  8 85  0 88 72
  98 53 79 67  9 15 89 75 66 41 38 19 42 14 82 50 35 13 84 37 91 43 92 46
  93 55 69 83 17 12 11 77 76 87  7 63 16 20  1 28  6 61 49 71 27 90 34 97
  81 73 59 54 33 74 23 65 25 57 68 56 24 62 80 29 51 94  5 32 36 58 64 96
  60 70 78 45  7]
 [80 18 24 30 53 99  1 55 54 63 51 47 23 57 27 14  5 73 49 62 40 98 85 69
   2 84 28 25 13 77 41 11 82 56 65  9 88  0 66 96 31 71 10  4 90 20 52 61
  94 81 67 34 32 70 35 15 75 44 83 95 74 46  7 60  6 64  3 17  8 68 89 48
  92 22 45 33 37 29 91 59 72 39 50 21 19 79 36 76 86 58 93 16 87 43 12 42
  78 26 38 97  1]
 [53 61 33 76 43  0 21 49 84 18 29 93 94 20 27 57 11 54 70 91 42 22 50 40
  52 63 47  8 58 48 68 65 45 32 73  7 46 13 16 95 81 39 10 75 98 96  6  9
  83 51 15 87  4 60 35 69 74  1 71 62 55  3 24 66 14 25 30 17 82 78 80 36
  34 90 89 79 41 72 67 26 38 64 85 92  5 88 97 19 31 56 28 44 99 23 86 37
  12 77 59  2  9]
 [99 51 19 20 68 73 30 18 94 71  1  3  2 75 55 96 10 87 79 16 40  4 84 83
   9 21 36 85 41 23 98 89 90 88 63 80 62 31 14 59 33 25 29  7 52 44 60 69
  26 57 77 42 58  6 95 35 43 28 46 15 47 32 24 37 38  8 17 82 27 53 22 65
  72 50 48 11 78 67 92 70 66  5 54 61 49 64 93 13 74 56  0 86 81 45 76 12
  34 97 39 91  3]
 [ 8 92 15 36 86 81 98 76  7  4 18 42 78 64  0  5 70 50 43  9 39 17 32 38
  44 84 73 45 28 93 91 12 34 25 55 82 27 10 47 11 30 22 59 72 35 79 53 65
  99 37 77 58  2 21 54 89 51 20 62 95  6 23 67  3 94 41 60 75 63 13 19 66
   1 88 49 26 80 69 48 52 71 90 46 68 29 83 16 96 61 40 31 24 56 74 85 97
  33 57 14 87 13]
 [55 36 42 33 94 86 64 30 50 20 91 29 99 62 65 16  1 18 13 61 26 27 40 75
  90  6 72 14 57 73 98 49 43  7 85 35 80 12 48 96 79 69 44 58 74 34 81 46
  59 21 82  2 19 71 67 93 76 45 83  0 22 23  8  3 10 87 11 89 17  9 56 39
  68 24 28 92 63 47 54  5 78 84 51 31 88 53 37 38 66 95 77 25 32 41 15  4
  97 70 60 52 31]
 [36 11 78 89 71 82 31 81 59 92 48 60 87 85 88 51 55 97 24 15 17 35 63  7
  25 12 40 52 65 49 26 47  9 18 46 68 73  3 33  2 61 70 91 64 95 90 29 50
  34 13 57  0 77 44 28 76 38 69 67 58  4 75 21 94 14 74 86  1 23 83 27 42
  54 84 79 56 32 53 43 72 39 66  8  5 41 37 19 98  6 99 30 93 45 16 10 96
  80 62 20 22  5]
 [ 5 37 25 20 12 85 66 54  2 70 34 93 73 65 78 22 69 83 97 58 43 55 62 64
  56 14 74 94 81 88 35  6 72 79 33  3 28 11 36 29 23 47 46 39 41 31 52 67
   8 18 21 38 82 63 89 90 68 98 86 50 13  1  9 75 57 16 42 84 27 92 49 10
  60 15 77 76 26  0 61 24 59  7 95 44 17 71 99 32 30 87 51 45 19 53 96 48
  91  4 80 40 20]
 [60 14  7  1 18 55 25 97 13  3 96 23 47 29 21 98 40 28 83 26 88 67 27 17
  35 11 12 95 89 58 73 53 87 80  8 74 78 43 19 44 41 90 94 85 64 48 63 92
   2 68 50 72 49 70 65 38 34 86 82  6 84 39 66 75 15 42 10  5 31  0 69  9
  45 76 30 46 91  4 32 33 79 20 52 93 51 81 99 56 61 24 54 16 77 62 37 57
  71 22 36 59 15]
 [87 73  6 30 77 82 54 41 48 96 28 70 36 63 47 35 49 56 50 94 80 89 67 79
  76 75 11 93 46 22 71 74  7 32 51 66 97  1 27 39 44 68 91 62 18 95 86 38
  25 72 59 19 34 21  0 23 99 26 92 42 52  4  5 90 13 10 12 31  8 78 15 45
  60 69 65 14 16 61  2 98 64 88 81  9 33 29 37 83  3 17 40 20 84 55 57 43
  24 85 53 58 16]
 [38 44  5 77 20 23 67 68 69  8 65 76 29 37 83 60 18 43 82 55 99 40 87 12
  31 58 49 35 22 56 78 10 28 45 42 75 73 50 16 17  7 79 63 94 91 48 14 57
  61 30 74  3 90 52 92  4 64 51  1 25 24 93 62 53 89 85 15  9 26 46 59 84
  86 97 80 36 71 34 66 27  2  6 13 72 39 70 95 47 33 21 98 41 54 81  0 32
  96 11 88 19 18]
 [60 11 57 64 37 10  3 35  8 63 12 78 49 88  7 14 29  0 74 42 45 99 68 62
   9 23 53 58 61 24 89 83 96 51 18 34 36 46 44 28 65 47 84 90 76 75 16 41
  87 17 80 97 72 95 13 59 54 93 55  6 92  2 48 15 50 82 73 39 19 32  4 81
  79 43 52 94 70 69 38 26 20 21 56 30  5 27 77 85 31  1 86 40 71 98 33 91
  25 67 66 22 10]
 [22 93 94 72 59 26 57 28 92 55 10 51 43  7 86 21 17 62 29 58 50 85 63 97
  53 25 56  0  5 32 73 67 90 38 40 98 11 83 54 96 15 69 30 60 74 71  4 84
  39 36 88 14 41 34 46 80 95 52 70  8 18 79 37 42 87 81 49 99 66 33 82 31
  35 64 19 45 23 44 61 77 89 27 13 76  1 12 75 78  2 20 48 65 91  9  6 16
   3 24 68 47 12]
 [76 65 85 63 41  8 57 10 50 79 97  9  0 96 38 13 93 95 45 59 33 42 17 52
  15 90 53 18 37 68 87 99 34 39 23 22 62 44 60 47 40  6 32 19 78 54 67 74
  80 82 20 94 30 71 86 84 81  1 11 73  4 61 25 55  3 43 58 28 64 91 69 31
  75  5 56 27 89 16 51 46 83 49 21 66 88 26 29 12 72 77  2 24 48  7 35 98
  92 36 14 70 14]
 [54  7 71 41 77 16 17 95 72 11 30 67 96 84 10 89 33 79  4 92 50 98 99 58
   3 94 76 13  8 85 90 37 32 69  1 25  2 28 81 23 21 73 36 34 51 47 38 18
  35 63 42 74 46 57 75  9  0 87 62 12 60 91 40 86 29 97 55 48 27 44 19 88
  78 61 80 39 14 64  5 53 65 68 82 66 22 24 83 52 26 20 70 59 49 45 43 31
  15 56  6 93 27]
 [34 21 12 56 40 32  3 78 45 65 81 41 55 68 96 60 61 57 43 10 87 92 50 91
   8 20  6 63 49 77  0 75 47 66 97 95 89 11 54 83 14 51  7 90 84 46  9 28
   5 26 18 86 94 44 37 64 30  4 53  2 93 24 80 88 36 85 31 42 74 67 17 27
  98 22 70 99 73 15 79 72 38 25 52 48 29 35 59 23 58 62  1 19 76 33 39 71
  13 82 16 69 26]
 [72 54 49 11 96 44  4 69 41 59 33 56 34 81 62 90 65 42  6 58 28 66 23 15
  40 52 82 19 73 31 68 77 85 80 48 38 64 35 21 63 88 91 50 74  8 93 12  0
  55 39 84 87 70  1 94  9 20 86 95 98 36 79 92 47 83 14 89 25 97 71  2 57
  27 10 37 30  3 24 26 51 45 76 53 13 29 18 43 61 99 17 75 22  5 32 60 78
  67 46  7 16 23]]


  <class 'list'>: 
  [
  [0],
  [0],
  [0],
  [0],
  [0],
  [0],
  [0],
  [0],
  [0],
  [0],
  [0],
  [0, 85, 87, 96, 45, 54],
  [0],
  [0],
  [0],
  [0],
  [0],
  [0, 80, 18, 24, 30, 53, 99],
  [0],
  [0, 99, 51, 19, 20, 68, 73, 94],
  [0],
  [0, 42, 86, 64, 91, 29, 62, 65, 1, 61, 26, 27, 40, 75, 90, 6, 14, 57],
  [0, 36, 78, 82, 31, 81, 59, 48, 60, 88, 55, 97, 15, 35, 63, 25, 12],
  [0],
  [0],
  [0],
  [0],
  [0],
  [0],
  [0, 8, 57, 9, 0, 38, 93, 52, 37, 34, 39, 23, 22, 44, 47, 32, 74, 43, 28, 69, 5, 56, 46, 83, 49, 21, 66],
  [0, 54, 7, 71, 41, 77, 16, 17, 95, 72, 11, 67, 84, 10, 89, 33, 79, 4, 92, 50, 98, 58, 3, 76, 13, 8],
  [0],
  [0]
  ]