[[0],
[0],
[0],
[0],
[0],
[0],
[0],
[0],
[0],
[0],
[0],
[0],
[0],
[0],
[0],
[0],
[0],
[0],
[0],
[0],
[0],
[0],
[0],
[0],
[0],
[0],
[0],
[71, 0, 48, 44, 29, 59, 4, 51, 99, 75, 33, 85, 68, 12, 73, 3, 96],
[0],
[0],
[0],
[81, 95, 53, 94, 9, 58, 0, 55, 13, 76, 91, 7, 15, 10, 1, 39, 100, 38, 19, 43, 87, 37, 25, 14, 20, 52, 80, 34, 90, 65, 92, 30, 11, 77, 93, 5, 23, 63, 16, 74, 24, 35, 40, 31, 54],
[6, 57, 47, 60, 49, 88, 50, 42, 97, 72, 84, 89, 61, 86, 8, 22, 28, 41, 67, 26, 0, 62, 2, 66, 36, 64, 27, 46, 69, 78, 17, 98, 83, 21, 45, 79, 56, 32, 82, 70, 18]]